# File for Bounding Box (BB) Coefficients

# The BB Coefficients are used to determine how far away an object is from the camera.
# The coefficient is multiplied by the pixel width of the bounding box to determine the distance.

bbCoefficients:
  airplane: 0.0036034286626923833
  apple: 2.1620571976154297
  backpack: 0.5405142994038574
  banana: 1.4413714650769536
  baseball bat: 2.1620571976154297
  baseball glove: 0.7206857325384768
  bench: 0.14413714650769532
  bicycle: 0.12011428875641277
  bird: 0.7206857325384768
  boat: 0.05405142994038575
  bottle: 2.1620571976154297
  bowl: 1.0810285988077148
  broccoli: 1.0810285988077148
  bus: 0.08648228790461719
  cake: 0.7206857325384768
  car: 0.1081028598807715
  carrot: 4.324114395230859
  cat: 0.7206857325384768
  chair: 0.432411439523086
  couch: 0.1081028598807715
  cow: 0.14413714650769532
  dog: 0.432411439523086
  donut: 2.1620571976154297
  elephant: 0.07206857325384766
  fire hydrant: 0.5405142994038574
  fork: 7.2068573253847665
  frisbee: 0.864822879046172
  giraffe: 0.216205719761543
  handbag: 0.5405142994038574
  horse: 0.2702571497019287
  hot dog: 1.0810285988077148
  kite: 0.216205719761543
  knife: 7.2068573253847665
  motorcycle: 0.24022857751282553
  orange: 2.1620571976154297
  parking meter: 1.0810285988077148
  person: 0.3603428662692384
  pizza: 0.5405142994038574
  potted plant: 0.7206857325384768
  sheep: 0.2702571497019287
  skateboard: 0.7206857325384768
  skis: 1.4413714650769536
  snowboard: 0.7206857325384768
  spoon: 7.2068573253847665
  sports ball: 0.864822879046172
  stop sign: 0.3603428662692384
  suitcase: 0.432411439523086
  surfboard: 0.432411439523086
  tennis racket: 0.7206857325384768
  tie: 2.1620571976154297
  traffic light: 0.5405142994038574
  train: 0.05405142994038575
  truck: 0.08648228790461719
  umbrella: 0.2702571497019287
  wine glass: 2.1620571976154297
  zebra: 0.14413714650769532

